\documentclass[varwidth=\maxdimen,border=10]{standalone}
\begin{document}
The group $G$ is isomorphic to the group labelled by\ [ 48, 18 ]\ in the Small Groups library.\\
Ordinary character table of $G$\ $\cong$\ C3 : Q16:\\
\begin{center}
\begin{tabular}{@{}l@{}l@{}l@{}}
\hline
\(\begin{array}{|l|cccccccccccc|}
  & 1a & 4a & 4b & 4c & 2a & 3a & 8a & 12a & 12b & 6a & 8b & 12c\\ \hline
\chi_{1} & 1 & 1 & 1 & 1 & 1 & 1 & 1 & 1 & 1 & 1 & 1 & 1\\
\chi_{2} & 1 & -1 & -1 & 1 & 1 & 1 & 1 & -1 & 1 & 1 & 1 & -1\\
\chi_{3} & 1 & -1 & 1 & 1 & 1 & 1 & -1 & 1 & 1 & 1 & -1 & 1\\
\chi_{4} & 1 & 1 & -1 & 1 & 1 & 1 & -1 & -1 & 1 & 1 & -1 & -1\\
\chi_{5} & 2 & 0 & 0 & -2 & 2 & 2 & 0 & 0 & -2 & 2 & 0 & 0\\
\chi_{6} & 2 & 0 & -2 & 2 & 2 & -1 & 0 & 1 & -1 & -1 & 0 & 1\\
\chi_{7} & 2 & 0 & 2 & 2 & 2 & -1 & 0 & -1 & -1 & -1 & 0 & -1\\
\chi_{8} & 2 & 0 & 0 & 0 & -2 & 2 & -E(8)+E(8)^{3} & 0 & 0 & -2 & E(8)-E(8)^{3} & 0\\
\chi_{9} & 2 & 0 & 0 & 0 & -2 & 2 & E(8)-E(8)^{3} & 0 & 0 & -2 & -E(8)+E(8)^{3} & 0\\
\chi_{10} & 2 & 0 & 0 & -2 & 2 & -1 & 0 & -E(3)+E(3)^{2} & 1 & -1 & 0 & E(3)-E(3)^{2}\\
\chi_{11} & 2 & 0 & 0 & -2 & 2 & -1 & 0 & E(3)-E(3)^{2} & 1 & -1 & 0 & -E(3)+E(3)^{2}\\
\chi_{12} & 4 & 0 & 0 & 0 & -4 & -2 & 0 & 0 & 0 & 2 & 0 & 0\\
\hline
\end{array}\)\\
\end{tabular}
\end{center}
\begin{tabular}{@{}l@{}l@{}l@{}l@{}l@{}l@{}l@{}l@{}l@{}l@{}l@{}l@{}l@{}l@{}l@{}l@{}l@{}l@{}l@{}l@{}l@{}l@{}}
Trivial source character table of $G$\ $\cong$\ C3 : Q16 at\ $p=2$:\\
\(\begin{array}{|l|cc|cc|cc|ccc|c|cc|c|c|c|}
\hline
\textup{Normalisers}\ N_i & \multicolumn{2}{c|}{N_{1}} & \multicolumn{2}{c|}{N_{2}} & \multicolumn{2}{c|}{N_{3}} & \multicolumn{3}{c|}{N_{4}} & \multicolumn{1}{c|}{N_{5}} & \multicolumn{2}{c|}{N_{6}} & \multicolumn{1}{c|}{N_{7}} & \multicolumn{1}{c|}{N_{8}} & \multicolumn{1}{c|}{N_{9}}\\ \hline
p\textup{-subgroups\ of\ } G\ \textup{up\ to\ conjugacy\ in\ } G & \multicolumn{2}{c|}{P_{1}} & \multicolumn{2}{c|}{P_{2}} & \multicolumn{2}{c|}{P_{3}} & \multicolumn{3}{c|}{P_{4}} & \multicolumn{1}{c|}{P_{5}} & \multicolumn{2}{c|}{P_{6}} & \multicolumn{1}{c|}{P_{7}} & \multicolumn{1}{c|}{P_{8}} & \multicolumn{1}{c|}{P_{9}}\\ \hline
\textup{Representatives}\ n_j\ \in\ N_i & 1a & 3a & 1a & 3a & 1a & 3a & 1a & 3a & 3b & 1a & 1a & 3a & 1a & 1a & 1a\\ \hline
{1}\cdot \chi_{1}+{1}\cdot \chi_{2}+{1}\cdot \chi_{3}+{1}\cdot \chi_{4}+{2}\cdot \chi_{5}+{0}\cdot \chi_{6}+{0}\cdot \chi_{7}+{2}\cdot \chi_{8}+{2}\cdot \chi_{9}+{0}\cdot \chi_{10}+{0}\cdot \chi_{11}+{0}\cdot \chi_{12} & 16 & 16 & 0 & 0 & 0 & 0 & 0 & 0 & 0 & 0 & 0 & 0 & 0 & 0 & 0\\
{0}\cdot \chi_{1}+{0}\cdot \chi_{2}+{0}\cdot \chi_{3}+{0}\cdot \chi_{4}+{0}\cdot \chi_{5}+{1}\cdot \chi_{6}+{1}\cdot \chi_{7}+{0}\cdot \chi_{8}+{0}\cdot \chi_{9}+{1}\cdot \chi_{10}+{1}\cdot \chi_{11}+{2}\cdot \chi_{12} & 16 & -8 & 0 & 0 & 0 & 0 & 0 & 0 & 0 & 0 & 0 & 0 & 0 & 0 & 0\\
 \hline
{1}\cdot \chi_{1}+{1}\cdot \chi_{2}+{1}\cdot \chi_{3}+{1}\cdot \chi_{4}+{2}\cdot \chi_{5}+{0}\cdot \chi_{6}+{0}\cdot \chi_{7}+{0}\cdot \chi_{8}+{0}\cdot \chi_{9}+{0}\cdot \chi_{10}+{0}\cdot \chi_{11}+{0}\cdot \chi_{12} & 8 & 8 & 8 & 8 & 0 & 0 & 0 & 0 & 0 & 0 & 0 & 0 & 0 & 0 & 0\\
{0}\cdot \chi_{1}+{0}\cdot \chi_{2}+{0}\cdot \chi_{3}+{0}\cdot \chi_{4}+{0}\cdot \chi_{5}+{1}\cdot \chi_{6}+{1}\cdot \chi_{7}+{0}\cdot \chi_{8}+{0}\cdot \chi_{9}+{1}\cdot \chi_{10}+{1}\cdot \chi_{11}+{0}\cdot \chi_{12} & 8 & -4 & 8 & -4 & 0 & 0 & 0 & 0 & 0 & 0 & 0 & 0 & 0 & 0 & 0\\
 \hline
{1}\cdot \chi_{1}+{1}\cdot \chi_{2}+{1}\cdot \chi_{3}+{1}\cdot \chi_{4}+{0}\cdot \chi_{5}+{0}\cdot \chi_{6}+{0}\cdot \chi_{7}+{0}\cdot \chi_{8}+{0}\cdot \chi_{9}+{0}\cdot \chi_{10}+{0}\cdot \chi_{11}+{0}\cdot \chi_{12} & 4 & 4 & 4 & 4 & 4 & 4 & 0 & 0 & 0 & 0 & 0 & 0 & 0 & 0 & 0\\
{0}\cdot \chi_{1}+{0}\cdot \chi_{2}+{0}\cdot \chi_{3}+{0}\cdot \chi_{4}+{0}\cdot \chi_{5}+{1}\cdot \chi_{6}+{1}\cdot \chi_{7}+{0}\cdot \chi_{8}+{0}\cdot \chi_{9}+{0}\cdot \chi_{10}+{0}\cdot \chi_{11}+{0}\cdot \chi_{12} & 4 & -2 & 4 & -2 & 4 & -2 & 0 & 0 & 0 & 0 & 0 & 0 & 0 & 0 & 0\\
 \hline
{1}\cdot \chi_{1}+{0}\cdot \chi_{2}+{1}\cdot \chi_{3}+{0}\cdot \chi_{4}+{1}\cdot \chi_{5}+{0}\cdot \chi_{6}+{0}\cdot \chi_{7}+{0}\cdot \chi_{8}+{0}\cdot \chi_{9}+{0}\cdot \chi_{10}+{0}\cdot \chi_{11}+{0}\cdot \chi_{12} & 4 & 4 & 4 & 4 & 0 & 0 & 2 & 2 & 2 & 0 & 0 & 0 & 0 & 0 & 0\\
{0}\cdot \chi_{1}+{0}\cdot \chi_{2}+{0}\cdot \chi_{3}+{0}\cdot \chi_{4}+{0}\cdot \chi_{5}+{0}\cdot \chi_{6}+{1}\cdot \chi_{7}+{0}\cdot \chi_{8}+{0}\cdot \chi_{9}+{1}\cdot \chi_{10}+{0}\cdot \chi_{11}+{0}\cdot \chi_{12} & 4 & -2 & 4 & -2 & 0 & 0 & 2 & 2*E(3)^{2} & 2*E(3) & 0 & 0 & 0 & 0 & 0 & 0\\
{0}\cdot \chi_{1}+{0}\cdot \chi_{2}+{0}\cdot \chi_{3}+{0}\cdot \chi_{4}+{0}\cdot \chi_{5}+{0}\cdot \chi_{6}+{1}\cdot \chi_{7}+{0}\cdot \chi_{8}+{0}\cdot \chi_{9}+{0}\cdot \chi_{10}+{1}\cdot \chi_{11}+{0}\cdot \chi_{12} & 4 & -2 & 4 & -2 & 0 & 0 & 2 & 2*E(3) & 2*E(3)^{2} & 0 & 0 & 0 & 0 & 0 & 0\\
 \hline
{1}\cdot \chi_{1}+{0}\cdot \chi_{2}+{0}\cdot \chi_{3}+{1}\cdot \chi_{4}+{1}\cdot \chi_{5}+{0}\cdot \chi_{6}+{0}\cdot \chi_{7}+{0}\cdot \chi_{8}+{0}\cdot \chi_{9}+{0}\cdot \chi_{10}+{0}\cdot \chi_{11}+{0}\cdot \chi_{12} & 4 & 4 & 4 & 4 & 0 & 0 & 0 & 0 & 0 & 2 & 0 & 0 & 0 & 0 & 0\\
 \hline
{1}\cdot \chi_{1}+{0}\cdot \chi_{2}+{1}\cdot \chi_{3}+{0}\cdot \chi_{4}+{0}\cdot \chi_{5}+{0}\cdot \chi_{6}+{0}\cdot \chi_{7}+{0}\cdot \chi_{8}+{0}\cdot \chi_{9}+{0}\cdot \chi_{10}+{0}\cdot \chi_{11}+{0}\cdot \chi_{12} & 2 & 2 & 2 & 2 & 2 & 2 & 2 & 2 & 2 & 0 & 2 & 2 & 0 & 0 & 0\\
{0}\cdot \chi_{1}+{0}\cdot \chi_{2}+{0}\cdot \chi_{3}+{0}\cdot \chi_{4}+{0}\cdot \chi_{5}+{0}\cdot \chi_{6}+{1}\cdot \chi_{7}+{0}\cdot \chi_{8}+{0}\cdot \chi_{9}+{0}\cdot \chi_{10}+{0}\cdot \chi_{11}+{0}\cdot \chi_{12} & 2 & -1 & 2 & -1 & 2 & -1 & 2 & -1 & -1 & 0 & 2 & -1 & 0 & 0 & 0\\
 \hline
{1}\cdot \chi_{1}+{0}\cdot \chi_{2}+{0}\cdot \chi_{3}+{1}\cdot \chi_{4}+{0}\cdot \chi_{5}+{0}\cdot \chi_{6}+{0}\cdot \chi_{7}+{0}\cdot \chi_{8}+{0}\cdot \chi_{9}+{0}\cdot \chi_{10}+{0}\cdot \chi_{11}+{0}\cdot \chi_{12} & 2 & 2 & 2 & 2 & 2 & 2 & 0 & 0 & 0 & 2 & 0 & 0 & 2 & 0 & 0\\
 \hline
{1}\cdot \chi_{1}+{1}\cdot \chi_{2}+{0}\cdot \chi_{3}+{0}\cdot \chi_{4}+{0}\cdot \chi_{5}+{0}\cdot \chi_{6}+{0}\cdot \chi_{7}+{0}\cdot \chi_{8}+{0}\cdot \chi_{9}+{0}\cdot \chi_{10}+{0}\cdot \chi_{11}+{0}\cdot \chi_{12} & 2 & 2 & 2 & 2 & 2 & 2 & 0 & 0 & 0 & 0 & 0 & 0 & 0 & 2 & 0\\
 \hline
{1}\cdot \chi_{1}+{0}\cdot \chi_{2}+{0}\cdot \chi_{3}+{0}\cdot \chi_{4}+{0}\cdot \chi_{5}+{0}\cdot \chi_{6}+{0}\cdot \chi_{7}+{0}\cdot \chi_{8}+{0}\cdot \chi_{9}+{0}\cdot \chi_{10}+{0}\cdot \chi_{11}+{0}\cdot \chi_{12} & 1 & 1 & 1 & 1 & 1 & 1 & 1 & 1 & 1 & 1 & 1 & 1 & 1 & 1 & 1\\
\hline

\end{array}\)\\
\ \\
\ \\
$P_{1} = Group( [ () ] )\cong$ 1\ \\
$P_{2} = Group( [ ( 1, 5)( 2, 9)( 3,12)( 4,14)( 6,16)( 7,19)( 8,21)(10,23)(11,25)(13,27)(15,29)(17,31)(18,32)(20,34)(22,36)(24,38)(26,39)(28,41)(30,42)(33,43)(35,45)(37,46)(40,47)(44,48) ] )\cong$ C2\ \\
$P_{3} = Group( [ ( 1, 5)( 2, 9)( 3,12)( 4,14)( 6,16)( 7,19)( 8,21)(10,23)(11,25)(13,27)(15,29)(17,31)(18,32)(20,34)(22,36)(24,38)(26,39)(28,41)(30,42)(33,43)(35,45)(37,46)(40,47)(44,48), ( 1, 4, 5,14)( 2, 8, 9,21)( 3,11,12,25)( 6,15,16,29)( 7,18,19,32)(10,22,23,36)(13,26,27,39)(17,30,31,42)(20,33,34,43)(24,37,38,46)(28,40,41,47)(35,44,45,48) ] )\cong$ C4\ \\
$P_{4} = Group( [ ( 1, 5)( 2, 9)( 3,12)( 4,14)( 6,16)( 7,19)( 8,21)(10,23)(11,25)(13,27)(15,29)(17,31)(18,32)(20,34)(22,36)(24,38)(26,39)(28,41)(30,42)(33,43)(35,45)(37,46)(40,47)(44,48), ( 1, 3, 5,12)( 2, 7, 9,19)( 4,25,14,11)( 6,13,16,27)( 8,32,21,18)(10,20,23,34)(15,39,29,26)(17,28,31,41)(22,43,36,33)(24,35,38,45)(30,47,42,40)(37,48,46,44) ] )\cong$ C4\ \\
$P_{5} = Group( [ ( 1, 5)( 2, 9)( 3,12)( 4,14)( 6,16)( 7,19)( 8,21)(10,23)(11,25)(13,27)(15,29)(17,31)(18,32)(20,34)(22,36)(24,38)(26,39)(28,41)(30,42)(33,43)(35,45)(37,46)(40,47)(44,48), ( 1, 2, 5, 9)( 3,18,12,32)( 4,21,14, 8)( 6,24,16,38)( 7,25,19,11)(10,31,23,17)(13,44,27,48)(15,46,29,37)(20,47,34,40)(22,30,36,42)(26,35,39,45)(28,33,41,43) ] )\cong$ C4\ \\
$P_{6} = Group( [ ( 1, 5)( 2, 9)( 3,12)( 4,14)( 6,16)( 7,19)( 8,21)(10,23)(11,25)(13,27)(15,29)(17,31)(18,32)(20,34)(22,36)(24,38)(26,39)(28,41)(30,42)(33,43)(35,45)(37,46)(40,47)(44,48), ( 1, 4, 5,14)( 2, 8, 9,21)( 3,11,12,25)( 6,15,16,29)( 7,18,19,32)(10,22,23,36)(13,26,27,39)(17,30,31,42)(20,33,34,43)(24,37,38,46)(28,40,41,47)(35,44,45,48), ( 1, 3, 5,12)( 2, 7, 9,19)( 4,25,14,11)( 6,13,16,27)( 8,32,21,18)(10,20,23,34)(15,39,29,26)(17,28,31,41)(22,43,36,33)(24,35,38,45)(30,47,42,40)(37,48,46,44) ] )\cong$ Q8\ \\
$P_{7} = Group( [ ( 1, 5)( 2, 9)( 3,12)( 4,14)( 6,16)( 7,19)( 8,21)(10,23)(11,25)(13,27)(15,29)(17,31)(18,32)(20,34)(22,36)(24,38)(26,39)(28,41)(30,42)(33,43)(35,45)(37,46)(40,47)(44,48), ( 1, 4, 5,14)( 2, 8, 9,21)( 3,11,12,25)( 6,15,16,29)( 7,18,19,32)(10,22,23,36)(13,26,27,39)(17,30,31,42)(20,33,34,43)(24,37,38,46)(28,40,41,47)(35,44,45,48), ( 1, 2, 5, 9)( 3,18,12,32)( 4,21,14, 8)( 6,24,16,38)( 7,25,19,11)(10,31,23,17)(13,44,27,48)(15,46,29,37)(20,47,34,40)(22,30,36,42)(26,35,39,45)(28,33,41,43) ] )\cong$ Q8\ \\
$P_{8} = Group( [ ( 1, 5)( 2, 9)( 3,12)( 4,14)( 6,16)( 7,19)( 8,21)(10,23)(11,25)(13,27)(15,29)(17,31)(18,32)(20,34)(22,36)(24,38)(26,39)(28,41)(30,42)(33,43)(35,45)(37,46)(40,47)(44,48), ( 1, 4, 5,14)( 2, 8, 9,21)( 3,11,12,25)( 6,15,16,29)( 7,18,19,32)(10,22,23,36)(13,26,27,39)(17,30,31,42)(20,33,34,43)(24,37,38,46)(28,40,41,47)(35,44,45,48), ( 1,18, 4,19, 5,32,14, 7)( 2,25, 8, 3, 9,11,21,12)( 6,44,15,45,16,48,29,35)(10,47,22,28,23,40,36,41)(13,38,26,46,27,24,39,37)(17,33,30,34,31,43,42,20) ] )\cong$ C8\ \\
$P_{9} = Group( [ ( 1, 5)( 2, 9)( 3,12)( 4,14)( 6,16)( 7,19)( 8,21)(10,23)(11,25)(13,27)(15,29)(17,31)(18,32)(20,34)(22,36)(24,38)(26,39)(28,41)(30,42)(33,43)(35,45)(37,46)(40,47)(44,48), ( 1, 4, 5,14)( 2, 8, 9,21)( 3,11,12,25)( 6,15,16,29)( 7,18,19,32)(10,22,23,36)(13,26,27,39)(17,30,31,42)(20,33,34,43)(24,37,38,46)(28,40,41,47)(35,44,45,48), ( 1, 3, 5,12)( 2, 7, 9,19)( 4,25,14,11)( 6,13,16,27)( 8,32,21,18)(10,20,23,34)(15,39,29,26)(17,28,31,41)(22,43,36,33)(24,35,38,45)(30,47,42,40)(37,48,46,44), ( 1, 2, 5, 9)( 3,18,12,32)( 4,21,14, 8)( 6,24,16,38)( 7,25,19,11)(10,31,23,17)(13,44,27,48)(15,46,29,37)(20,47,34,40)(22,30,36,42)(26,35,39,45)(28,33,41,43) ] )\cong$ Q16\ \\
\ \\
$N_{1} = Group( [ ( 1, 2, 5, 9)( 3,18,12,32)( 4,21,14, 8)( 6,24,16,38)( 7,25,19,11)(10,31,23,17)(13,44,27,48)(15,46,29,37)(20,47,34,40)(22,30,36,42)(26,35,39,45)(28,33,41,43), ( 1, 3, 5,12)( 2, 7, 9,19)( 4,25,14,11)( 6,13,16,27)( 8,32,21,18)(10,20,23,34)(15,39,29,26)(17,28,31,41)(22,43,36,33)(24,35,38,45)(30,47,42,40)(37,48,46,44), ( 1, 4, 5,14)( 2, 8, 9,21)( 3,11,12,25)( 6,15,16,29)( 7,18,19,32)(10,22,23,36)(13,26,27,39)(17,30,31,42)(20,33,34,43)(24,37,38,46)(28,40,41,47)(35,44,45,48), ( 1, 5)( 2, 9)( 3,12)( 4,14)( 6,16)( 7,19)( 8,21)(10,23)(11,25)(13,27)(15,29)(17,31)(18,32)(20,34)(22,36)(24,38)(26,39)(28,41)(30,42)(33,43)(35,45)(37,46)(40,47)(44,48), ( 1, 6,17)( 2,10,24)( 3,13,28)( 4,15,30)( 5,16,31)( 7,20,35)( 8,22,37)( 9,23,38)(11,26,40)(12,27,41)(14,29,42)(18,33,44)(19,34,45)(21,36,46)(25,39,47)(32,43,48) ] )\cong$ C3 : Q16\ \\
$N_{2} = Group( [ ( 1, 2, 5, 9)( 3,18,12,32)( 4,21,14, 8)( 6,24,16,38)( 7,25,19,11)(10,31,23,17)(13,44,27,48)(15,46,29,37)(20,47,34,40)(22,30,36,42)(26,35,39,45)(28,33,41,43), ( 1, 3, 5,12)( 2, 7, 9,19)( 4,25,14,11)( 6,13,16,27)( 8,32,21,18)(10,20,23,34)(15,39,29,26)(17,28,31,41)(22,43,36,33)(24,35,38,45)(30,47,42,40)(37,48,46,44), ( 1, 4, 5,14)( 2, 8, 9,21)( 3,11,12,25)( 6,15,16,29)( 7,18,19,32)(10,22,23,36)(13,26,27,39)(17,30,31,42)(20,33,34,43)(24,37,38,46)(28,40,41,47)(35,44,45,48), ( 1, 5)( 2, 9)( 3,12)( 4,14)( 6,16)( 7,19)( 8,21)(10,23)(11,25)(13,27)(15,29)(17,31)(18,32)(20,34)(22,36)(24,38)(26,39)(28,41)(30,42)(33,43)(35,45)(37,46)(40,47)(44,48), ( 1, 6,17)( 2,10,24)( 3,13,28)( 4,15,30)( 5,16,31)( 7,20,35)( 8,22,37)( 9,23,38)(11,26,40)(12,27,41)(14,29,42)(18,33,44)(19,34,45)(21,36,46)(25,39,47)(32,43,48) ] )\cong$ C3 : Q16\ \\
$N_{3} = Group( [ ( 1, 4, 5,14)( 2, 8, 9,21)( 3,11,12,25)( 6,15,16,29)( 7,18,19,32)(10,22,23,36)(13,26,27,39)(17,30,31,42)(20,33,34,43)(24,37,38,46)(28,40,41,47)(35,44,45,48), ( 1, 5)( 2, 9)( 3,12)( 4,14)( 6,16)( 7,19)( 8,21)(10,23)(11,25)(13,27)(15,29)(17,31)(18,32)(20,34)(22,36)(24,38)(26,39)(28,41)(30,42)(33,43)(35,45)(37,46)(40,47)(44,48), ( 1, 2, 5, 9)( 3,18,12,32)( 4,21,14, 8)( 6,24,16,38)( 7,25,19,11)(10,31,23,17)(13,44,27,48)(15,46,29,37)(20,47,34,40)(22,30,36,42)(26,35,39,45)(28,33,41,43), ( 1, 3, 5,12)( 2, 7, 9,19)( 4,25,14,11)( 6,13,16,27)( 8,32,21,18)(10,20,23,34)(15,39,29,26)(17,28,31,41)(22,43,36,33)(24,35,38,45)(30,47,42,40)(37,48,46,44), ( 1, 6,17)( 2,10,24)( 3,13,28)( 4,15,30)( 5,16,31)( 7,20,35)( 8,22,37)( 9,23,38)(11,26,40)(12,27,41)(14,29,42)(18,33,44)(19,34,45)(21,36,46)(25,39,47)(32,43,48) ] )\cong$ C3 : Q16\ \\
$N_{4} = Group( [ ( 1, 3, 5,12)( 2, 7, 9,19)( 4,25,14,11)( 6,13,16,27)( 8,32,21,18)(10,20,23,34)(15,39,29,26)(17,28,31,41)(22,43,36,33)(24,35,38,45)(30,47,42,40)(37,48,46,44), ( 1, 5)( 2, 9)( 3,12)( 4,14)( 6,16)( 7,19)( 8,21)(10,23)(11,25)(13,27)(15,29)(17,31)(18,32)(20,34)(22,36)(24,38)(26,39)(28,41)(30,42)(33,43)(35,45)(37,46)(40,47)(44,48), ( 1, 4, 5,14)( 2, 8, 9,21)( 3,11,12,25)( 6,15,16,29)( 7,18,19,32)(10,22,23,36)(13,26,27,39)(17,30,31,42)(20,33,34,43)(24,37,38,46)(28,40,41,47)(35,44,45,48), ( 1, 6,17)( 2,10,24)( 3,13,28)( 4,15,30)( 5,16,31)( 7,20,35)( 8,22,37)( 9,23,38)(11,26,40)(12,27,41)(14,29,42)(18,33,44)(19,34,45)(21,36,46)(25,39,47)(32,43,48) ] )\cong$ C3 x Q8\ \\
$N_{5} = Group( [ ( 1, 2, 5, 9)( 3,18,12,32)( 4,21,14, 8)( 6,24,16,38)( 7,25,19,11)(10,31,23,17)(13,44,27,48)(15,46,29,37)(20,47,34,40)(22,30,36,42)(26,35,39,45)(28,33,41,43), ( 1, 5)( 2, 9)( 3,12)( 4,14)( 6,16)( 7,19)( 8,21)(10,23)(11,25)(13,27)(15,29)(17,31)(18,32)(20,34)(22,36)(24,38)(26,39)(28,41)(30,42)(33,43)(35,45)(37,46)(40,47)(44,48), ( 1, 4, 5,14)( 2, 8, 9,21)( 3,11,12,25)( 6,15,16,29)( 7,18,19,32)(10,22,23,36)(13,26,27,39)(17,30,31,42)(20,33,34,43)(24,37,38,46)(28,40,41,47)(35,44,45,48) ] )\cong$ Q8\ \\
$N_{6} = Group( [ ( 1, 3, 5,12)( 2, 7, 9,19)( 4,25,14,11)( 6,13,16,27)( 8,32,21,18)(10,20,23,34)(15,39,29,26)(17,28,31,41)(22,43,36,33)(24,35,38,45)(30,47,42,40)(37,48,46,44), ( 1, 4, 5,14)( 2, 8, 9,21)( 3,11,12,25)( 6,15,16,29)( 7,18,19,32)(10,22,23,36)(13,26,27,39)(17,30,31,42)(20,33,34,43)(24,37,38,46)(28,40,41,47)(35,44,45,48), ( 1, 5)( 2, 9)( 3,12)( 4,14)( 6,16)( 7,19)( 8,21)(10,23)(11,25)(13,27)(15,29)(17,31)(18,32)(20,34)(22,36)(24,38)(26,39)(28,41)(30,42)(33,43)(35,45)(37,46)(40,47)(44,48), ( 1, 2, 5, 9)( 3,18,12,32)( 4,21,14, 8)( 6,24,16,38)( 7,25,19,11)(10,31,23,17)(13,44,27,48)(15,46,29,37)(20,47,34,40)(22,30,36,42)(26,35,39,45)(28,33,41,43), ( 1, 6,17)( 2,10,24)( 3,13,28)( 4,15,30)( 5,16,31)( 7,20,35)( 8,22,37)( 9,23,38)(11,26,40)(12,27,41)(14,29,42)(18,33,44)(19,34,45)(21,36,46)(25,39,47)(32,43,48) ] )\cong$ C3 : Q16\ \\
$N_{7} = Group( [ ( 1, 2, 5, 9)( 3,18,12,32)( 4,21,14, 8)( 6,24,16,38)( 7,25,19,11)(10,31,23,17)(13,44,27,48)(15,46,29,37)(20,47,34,40)(22,30,36,42)(26,35,39,45)(28,33,41,43), ( 1, 4, 5,14)( 2, 8, 9,21)( 3,11,12,25)( 6,15,16,29)( 7,18,19,32)(10,22,23,36)(13,26,27,39)(17,30,31,42)(20,33,34,43)(24,37,38,46)(28,40,41,47)(35,44,45,48), ( 1, 5)( 2, 9)( 3,12)( 4,14)( 6,16)( 7,19)( 8,21)(10,23)(11,25)(13,27)(15,29)(17,31)(18,32)(20,34)(22,36)(24,38)(26,39)(28,41)(30,42)(33,43)(35,45)(37,46)(40,47)(44,48), ( 1, 3, 5,12)( 2, 7, 9,19)( 4,25,14,11)( 6,13,16,27)( 8,32,21,18)(10,20,23,34)(15,39,29,26)(17,28,31,41)(22,43,36,33)(24,35,38,45)(30,47,42,40)(37,48,46,44) ] )\cong$ Q16\ \\
$N_{8} = Group( [ ( 1,18, 4,19, 5,32,14, 7)( 2,25, 8, 3, 9,11,21,12)( 6,44,15,45,16,48,29,35)(10,47,22,28,23,40,36,41)(13,38,26,46,27,24,39,37)(17,33,30,34,31,43,42,20), ( 1, 4, 5,14)( 2, 8, 9,21)( 3,11,12,25)( 6,15,16,29)( 7,18,19,32)(10,22,23,36)(13,26,27,39)(17,30,31,42)(20,33,34,43)(24,37,38,46)(28,40,41,47)(35,44,45,48), ( 1, 5)( 2, 9)( 3,12)( 4,14)( 6,16)( 7,19)( 8,21)(10,23)(11,25)(13,27)(15,29)(17,31)(18,32)(20,34)(22,36)(24,38)(26,39)(28,41)(30,42)(33,43)(35,45)(37,46)(40,47)(44,48), ( 1, 2, 5, 9)( 3,18,12,32)( 4,21,14, 8)( 6,24,16,38)( 7,25,19,11)(10,31,23,17)(13,44,27,48)(15,46,29,37)(20,47,34,40)(22,30,36,42)(26,35,39,45)(28,33,41,43) ] )\cong$ Q16\ \\
$N_{9} = Group( [ ( 1, 2, 5, 9)( 3,18,12,32)( 4,21,14, 8)( 6,24,16,38)( 7,25,19,11)(10,31,23,17)(13,44,27,48)(15,46,29,37)(20,47,34,40)(22,30,36,42)(26,35,39,45)(28,33,41,43), ( 1, 3, 5,12)( 2, 7, 9,19)( 4,25,14,11)( 6,13,16,27)( 8,32,21,18)(10,20,23,34)(15,39,29,26)(17,28,31,41)(22,43,36,33)(24,35,38,45)(30,47,42,40)(37,48,46,44), ( 1, 4, 5,14)( 2, 8, 9,21)( 3,11,12,25)( 6,15,16,29)( 7,18,19,32)(10,22,23,36)(13,26,27,39)(17,30,31,42)(20,33,34,43)(24,37,38,46)(28,40,41,47)(35,44,45,48), ( 1, 5)( 2, 9)( 3,12)( 4,14)( 6,16)( 7,19)( 8,21)(10,23)(11,25)(13,27)(15,29)(17,31)(18,32)(20,34)(22,36)(24,38)(26,39)(28,41)(30,42)(33,43)(35,45)(37,46)(40,47)(44,48) ] )\cong$ Q16\end{tabular}
\end{document}
