\documentclass[varwidth=\maxdimen,border=10]{standalone}
\begin{document}
The group $G$ is isomorphic to the group labelled by\ [ 52, 3 ]\ in the Small Groups library.\\
Ordinary character table of $G$\ $\cong$\ C13 : C4:\\
\begin{center}
\begin{tabular}{@{}l@{}l@{}l@{}}
\hline
\(\begin{array}{|l|ccccccc|}
  & 1a & 13a & 13b & 13c & 4a & 2a & 4b\\ \hline
\chi_{1} & 1 & 1 & 1 & 1 & 1 & 1 & 1\\
\chi_{2} & 1 & 1 & 1 & 1 & E(4) & -1 & -E(4)\\
\chi_{3} & 1 & 1 & 1 & 1 & -1 & 1 & -1\\
\chi_{4} & 1 & 1 & 1 & 1 & -E(4) & -1 & E(4)\\
\chi_{5} & 4 & E(13)+E(13)^{5}+E(13)^{8}+E(13)^{12} & E(13)^{2}+E(13)^{3}+E(13)^{10}+E(13)^{11} & E(13)^{4}+E(13)^{6}+E(13)^{7}+E(13)^{9} & 0 & 0 & 0\\
\chi_{6} & 4 & E(13)^{2}+E(13)^{3}+E(13)^{10}+E(13)^{11} & E(13)^{4}+E(13)^{6}+E(13)^{7}+E(13)^{9} & E(13)+E(13)^{5}+E(13)^{8}+E(13)^{12} & 0 & 0 & 0\\
\chi_{7} & 4 & E(13)^{4}+E(13)^{6}+E(13)^{7}+E(13)^{9} & E(13)+E(13)^{5}+E(13)^{8}+E(13)^{12} & E(13)^{2}+E(13)^{3}+E(13)^{10}+E(13)^{11} & 0 & 0 & 0\\
\hline
\end{array}\)\\
\end{tabular}
\end{center}
\begin{tabular}{@{}l@{}l@{}l@{}l@{}l@{}l@{}l@{}l@{}}
Trivial source character table of $G$\ $\cong$\ C13 : C4 at\ $p=13$:\\
\(\begin{array}{|l|cccc|cccc|}
\hline
\textup{Normalisers}\ N_i & \multicolumn{4}{c|}{N_{1}} & \multicolumn{4}{c|}{N_{2}}\\ \hline
p\textup{-subgroups\ of\ } G\ \textup{up\ to\ conjugacy\ in\ } G & \multicolumn{4}{c|}{P_{1}} & \multicolumn{4}{c|}{P_{2}}\\ \hline
\textup{Representatives}\ n_j\ \in\ N_i & 1a & 4a & 2a & 4b & 1a & 4a & 2a & 4b\\ \hline
{0}\cdot \chi_{1}+{0}\cdot \chi_{2}+{1}\cdot \chi_{3}+{0}\cdot \chi_{4}+{1}\cdot \chi_{5}+{1}\cdot \chi_{6}+{1}\cdot \chi_{7} & 13 & -1 & 1 & -1 & 0 & 0 & 0 & 0\\
{0}\cdot \chi_{1}+{1}\cdot \chi_{2}+{0}\cdot \chi_{3}+{0}\cdot \chi_{4}+{1}\cdot \chi_{5}+{1}\cdot \chi_{6}+{1}\cdot \chi_{7} & 13 & E(4) & -1 & -E(4) & 0 & 0 & 0 & 0\\
{1}\cdot \chi_{1}+{0}\cdot \chi_{2}+{0}\cdot \chi_{3}+{0}\cdot \chi_{4}+{1}\cdot \chi_{5}+{1}\cdot \chi_{6}+{1}\cdot \chi_{7} & 13 & 1 & 1 & 1 & 0 & 0 & 0 & 0\\
{0}\cdot \chi_{1}+{0}\cdot \chi_{2}+{0}\cdot \chi_{3}+{1}\cdot \chi_{4}+{1}\cdot \chi_{5}+{1}\cdot \chi_{6}+{1}\cdot \chi_{7} & 13 & -E(4) & -1 & E(4) & 0 & 0 & 0 & 0\\
 \hline
{1}\cdot \chi_{1}+{0}\cdot \chi_{2}+{0}\cdot \chi_{3}+{0}\cdot \chi_{4}+{0}\cdot \chi_{5}+{0}\cdot \chi_{6}+{0}\cdot \chi_{7} & 1 & 1 & 1 & 1 & 1 & 1 & 1 & 1\\
{0}\cdot \chi_{1}+{0}\cdot \chi_{2}+{1}\cdot \chi_{3}+{0}\cdot \chi_{4}+{0}\cdot \chi_{5}+{0}\cdot \chi_{6}+{0}\cdot \chi_{7} & 1 & -1 & 1 & -1 & 1 & -1 & 1 & -1\\
{0}\cdot \chi_{1}+{1}\cdot \chi_{2}+{0}\cdot \chi_{3}+{0}\cdot \chi_{4}+{0}\cdot \chi_{5}+{0}\cdot \chi_{6}+{0}\cdot \chi_{7} & 1 & E(4) & -1 & -E(4) & 1 & E(4) & -1 & -E(4)\\
{0}\cdot \chi_{1}+{0}\cdot \chi_{2}+{0}\cdot \chi_{3}+{1}\cdot \chi_{4}+{0}\cdot \chi_{5}+{0}\cdot \chi_{6}+{0}\cdot \chi_{7} & 1 & -E(4) & -1 & E(4) & 1 & -E(4) & -1 & E(4)\\
\hline

\end{array}\)\\
\ \\
\ \\
$P_{1} = Group( [ () ] )\cong$ 1\ \\
$P_{2} = Group( [ ( 1,36,20, 4,40,24, 8,44,28,12,48,32,16)( 2,38,22, 6,42,26,10,46,30,14,50,34,18)( 3,39,23, 7,43,27,11,47,31,15,51,35,19)( 5,41,25, 9,45,29,13,49,33,17,52,37,21) ] )\cong$ C13\ \\
\ \\
$N_{1} = Group( [ ( 1, 2, 3, 5)( 4,34,51,25)( 6,35,52,20)( 7,37,48,22)( 8,14,47,45)( 9,32,50,23)(10,15,49,40)(11,17,44,42)(12,46,43,13)(16,26,39,33)(18,27,41,28)(19,29,36,30)(21,24,38,31), ( 1, 3)( 2, 5)( 4,51)( 6,52)( 7,48)( 8,47)( 9,50)(10,49)(11,44)(12,43)(13,46)(14,45)(15,40)(16,39)(17,42)(18,41)(19,36)(20,35)(21,38)(22,37)(23,32)(24,31)(25,34)(26,33)(27,28)(29,30), ( 1, 4, 8,12,16,20,24,28,32,36,40,44,48)( 2, 6,10,14,18,22,26,30,34,38,42,46,50)( 3, 7,11,15,19,23,27,31,35,39,43,47,51)( 5, 9,13,17,21,25,29,33,37,41,45,49,52) ] )\cong$ C13 : C4\ \\
$N_{2} = Group( [ ( 1,36,20, 4,40,24, 8,44,28,12,48,32,16)( 2,38,22, 6,42,26,10,46,30,14,50,34,18)( 3,39,23, 7,43,27,11,47,31,15,51,35,19)( 5,41,25, 9,45,29,13,49,33,17,52,37,21), ( 1, 2, 3, 5)( 4,34,51,25)( 6,35,52,20)( 7,37,48,22)( 8,14,47,45)( 9,32,50,23)(10,15,49,40)(11,17,44,42)(12,46,43,13)(16,26,39,33)(18,27,41,28)(19,29,36,30)(21,24,38,31) ] )\cong$ C13 : C4\end{tabular}
\end{document}
