\documentclass[varwidth=\maxdimen,border=10]{standalone}
\begin{document}
The group $G$ is isomorphic to the group labelled by\ [ 54, 6 ]\ in the Small Groups library.\\
Ordinary character table of $G$\ $\cong$\ C9 : C6:\\
\begin{center}
\begin{tabular}{@{}l@{}l@{}l@{}}
\hline
\(\begin{array}{|l|cccccccccc|}
  & 1a & 3a & 9a & 2a & 3b & 3c & 6a & 6b & 9b & 9c\\ \hline
\chi_{1} & 1 & 1 & 1 & 1 & 1 & 1 & 1 & 1 & 1 & 1\\
\chi_{2} & 1 & 1 & 1 & 1 & E(3) & E(3)^{2} & E(3)^{2} & E(3) & E(3) & E(3)^{2}\\
\chi_{3} & 1 & 1 & 1 & 1 & E(3)^{2} & E(3) & E(3) & E(3)^{2} & E(3)^{2} & E(3)\\
\chi_{4} & 1 & 1 & 1 & -1 & 1 & 1 & -1 & -1 & 1 & 1\\
\chi_{5} & 1 & 1 & 1 & -1 & E(3)^{2} & E(3) & -E(3) & -E(3)^{2} & E(3)^{2} & E(3)\\
\chi_{6} & 1 & 1 & 1 & -1 & E(3) & E(3)^{2} & -E(3)^{2} & -E(3) & E(3) & E(3)^{2}\\
\chi_{7} & 2 & 2 & -1 & 0 & 2 & 2 & 0 & 0 & -1 & -1\\
\chi_{8} & 2 & 2 & -1 & 0 & 2*E(3) & 2*E(3)^{2} & 0 & 0 & -E(3) & -E(3)^{2}\\
\chi_{9} & 2 & 2 & -1 & 0 & 2*E(3)^{2} & 2*E(3) & 0 & 0 & -E(3)^{2} & -E(3)\\
\chi_{10} & 6 & -3 & 0 & 0 & 0 & 0 & 0 & 0 & 0 & 0\\
\hline
\end{array}\)\\
\end{tabular}
\end{center}
\begin{tabular}{@{}l@{}l@{}l@{}l@{}l@{}l@{}l@{}l@{}l@{}l@{}l@{}l@{}l@{}l@{}l@{}l@{}l@{}l@{}}
Trivial source character table of $G$\ $\cong$\ C9 : C6 at\ $p=3$:\\
\(\begin{array}{|l|cc|cc|cc|cc|cc|c|cc|}
\hline
\textup{Normalisers}\ N_i & \multicolumn{2}{c|}{N_{1}} & \multicolumn{2}{c|}{N_{2}} & \multicolumn{2}{c|}{N_{3}} & \multicolumn{2}{c|}{N_{4}} & \multicolumn{2}{c|}{N_{5}} & \multicolumn{1}{c|}{N_{6}} & \multicolumn{2}{c|}{N_{7}}\\ \hline
p\textup{-subgroups\ of\ } G\ \textup{up\ to\ conjugacy\ in\ } G & \multicolumn{2}{c|}{P_{1}} & \multicolumn{2}{c|}{P_{2}} & \multicolumn{2}{c|}{P_{3}} & \multicolumn{2}{c|}{P_{4}} & \multicolumn{2}{c|}{P_{5}} & \multicolumn{1}{c|}{P_{6}} & \multicolumn{2}{c|}{P_{7}}\\ \hline
\textup{Representatives}\ n_j\ \in\ N_i & 1a & 2a & 1a & 2a & 1a & 2a & 1a & 2a & 1a & 2a & 1a & 1a & 2a\\ \hline
{0}\cdot \chi_{1}+{0}\cdot \chi_{2}+{0}\cdot \chi_{3}+{1}\cdot \chi_{4}+{1}\cdot \chi_{5}+{1}\cdot \chi_{6}+{1}\cdot \chi_{7}+{1}\cdot \chi_{8}+{1}\cdot \chi_{9}+{3}\cdot \chi_{10} & 27 & -3 & 0 & 0 & 0 & 0 & 0 & 0 & 0 & 0 & 0 & 0 & 0\\
{1}\cdot \chi_{1}+{1}\cdot \chi_{2}+{1}\cdot \chi_{3}+{0}\cdot \chi_{4}+{0}\cdot \chi_{5}+{0}\cdot \chi_{6}+{1}\cdot \chi_{7}+{1}\cdot \chi_{8}+{1}\cdot \chi_{9}+{3}\cdot \chi_{10} & 27 & 3 & 0 & 0 & 0 & 0 & 0 & 0 & 0 & 0 & 0 & 0 & 0\\
 \hline
{1}\cdot \chi_{1}+{1}\cdot \chi_{2}+{1}\cdot \chi_{3}+{0}\cdot \chi_{4}+{0}\cdot \chi_{5}+{0}\cdot \chi_{6}+{1}\cdot \chi_{7}+{1}\cdot \chi_{8}+{1}\cdot \chi_{9}+{0}\cdot \chi_{10} & 9 & 3 & 9 & 3 & 0 & 0 & 0 & 0 & 0 & 0 & 0 & 0 & 0\\
{0}\cdot \chi_{1}+{0}\cdot \chi_{2}+{0}\cdot \chi_{3}+{1}\cdot \chi_{4}+{1}\cdot \chi_{5}+{1}\cdot \chi_{6}+{1}\cdot \chi_{7}+{1}\cdot \chi_{8}+{1}\cdot \chi_{9}+{0}\cdot \chi_{10} & 9 & -3 & 9 & -3 & 0 & 0 & 0 & 0 & 0 & 0 & 0 & 0 & 0\\
 \hline
{0}\cdot \chi_{1}+{0}\cdot \chi_{2}+{0}\cdot \chi_{3}+{1}\cdot \chi_{4}+{0}\cdot \chi_{5}+{0}\cdot \chi_{6}+{1}\cdot \chi_{7}+{0}\cdot \chi_{8}+{0}\cdot \chi_{9}+{1}\cdot \chi_{10} & 9 & -1 & 0 & 0 & 3 & -1 & 0 & 0 & 0 & 0 & 0 & 0 & 0\\
{1}\cdot \chi_{1}+{0}\cdot \chi_{2}+{0}\cdot \chi_{3}+{0}\cdot \chi_{4}+{0}\cdot \chi_{5}+{0}\cdot \chi_{6}+{1}\cdot \chi_{7}+{0}\cdot \chi_{8}+{0}\cdot \chi_{9}+{1}\cdot \chi_{10} & 9 & 1 & 0 & 0 & 3 & 1 & 0 & 0 & 0 & 0 & 0 & 0 & 0\\
 \hline
{0}\cdot \chi_{1}+{0}\cdot \chi_{2}+{0}\cdot \chi_{3}+{1}\cdot \chi_{4}+{0}\cdot \chi_{5}+{0}\cdot \chi_{6}+{1}\cdot \chi_{7}+{0}\cdot \chi_{8}+{0}\cdot \chi_{9}+{0}\cdot \chi_{10} & 3 & -1 & 3 & -1 & 3 & -1 & 3 & -1 & 0 & 0 & 0 & 0 & 0\\
{1}\cdot \chi_{1}+{0}\cdot \chi_{2}+{0}\cdot \chi_{3}+{0}\cdot \chi_{4}+{0}\cdot \chi_{5}+{0}\cdot \chi_{6}+{1}\cdot \chi_{7}+{0}\cdot \chi_{8}+{0}\cdot \chi_{9}+{0}\cdot \chi_{10} & 3 & 1 & 3 & 1 & 3 & 1 & 3 & 1 & 0 & 0 & 0 & 0 & 0\\
 \hline
{1}\cdot \chi_{1}+{1}\cdot \chi_{2}+{1}\cdot \chi_{3}+{0}\cdot \chi_{4}+{0}\cdot \chi_{5}+{0}\cdot \chi_{6}+{0}\cdot \chi_{7}+{0}\cdot \chi_{8}+{0}\cdot \chi_{9}+{0}\cdot \chi_{10} & 3 & 3 & 3 & 3 & 0 & 0 & 0 & 0 & 3 & 3 & 0 & 0 & 0\\
{0}\cdot \chi_{1}+{0}\cdot \chi_{2}+{0}\cdot \chi_{3}+{1}\cdot \chi_{4}+{1}\cdot \chi_{5}+{1}\cdot \chi_{6}+{0}\cdot \chi_{7}+{0}\cdot \chi_{8}+{0}\cdot \chi_{9}+{0}\cdot \chi_{10} & 3 & -3 & 3 & -3 & 0 & 0 & 0 & 0 & 3 & -3 & 0 & 0 & 0\\
 \hline
{1}\cdot \chi_{1}+{0}\cdot \chi_{2}+{0}\cdot \chi_{3}+{1}\cdot \chi_{4}+{0}\cdot \chi_{5}+{0}\cdot \chi_{6}+{0}\cdot \chi_{7}+{1}\cdot \chi_{8}+{1}\cdot \chi_{9}+{0}\cdot \chi_{10} & 6 & 0 & 6 & 0 & 0 & 0 & 0 & 0 & 0 & 0 & 3 & 0 & 0\\
 \hline
{1}\cdot \chi_{1}+{0}\cdot \chi_{2}+{0}\cdot \chi_{3}+{0}\cdot \chi_{4}+{0}\cdot \chi_{5}+{0}\cdot \chi_{6}+{0}\cdot \chi_{7}+{0}\cdot \chi_{8}+{0}\cdot \chi_{9}+{0}\cdot \chi_{10} & 1 & 1 & 1 & 1 & 1 & 1 & 1 & 1 & 1 & 1 & 1 & 1 & 1\\
{0}\cdot \chi_{1}+{0}\cdot \chi_{2}+{0}\cdot \chi_{3}+{1}\cdot \chi_{4}+{0}\cdot \chi_{5}+{0}\cdot \chi_{6}+{0}\cdot \chi_{7}+{0}\cdot \chi_{8}+{0}\cdot \chi_{9}+{0}\cdot \chi_{10} & 1 & -1 & 1 & -1 & 1 & -1 & 1 & -1 & 1 & -1 & 1 & 1 & -1\\
\hline

\end{array}\)\\
\ \\
\ \\
$P_{1} = Group( [ () ] )\cong$ 1\ \\
$P_{2} = Group( [ ( 1, 5,14)( 2, 8,20)( 3,11,25)( 4,13,27)( 6,17,32)( 7,19,34)( 9,22,37)(10,24,39)(12,26,40)(15,29,43)(16,31,45)(18,33,46)(21,36,48)(23,38,49)(28,42,51)(30,44,52)(35,47,53)(41,50,54) ] )\cong$ C3\ \\
$P_{3} = Group( [ ( 1, 3, 9)( 2, 6,15)( 4,24,48)( 5,11,22)( 7,31,51)( 8,17,29)(10,36,27)(12,49,47)(13,39,21)(14,25,37)(16,42,34)(18,52,50)(19,45,28)(20,32,43)(23,53,26)(30,54,33)(35,40,38)(41,46,44) ] )\cong$ C3\ \\
$P_{4} = Group( [ ( 1, 5,14)( 2, 8,20)( 3,11,25)( 4,13,27)( 6,17,32)( 7,19,34)( 9,22,37)(10,24,39)(12,26,40)(15,29,43)(16,31,45)(18,33,46)(21,36,48)(23,38,49)(28,42,51)(30,44,52)(35,47,53)(41,50,54), ( 1, 3, 9)( 2, 6,15)( 4,24,48)( 5,11,22)( 7,31,51)( 8,17,29)(10,36,27)(12,49,47)(13,39,21)(14,25,37)(16,42,34)(18,52,50)(19,45,28)(20,32,43)(23,53,26)(30,54,33)(35,40,38)(41,46,44) ] )\cong$ C3 x C3\ \\
$P_{5} = Group( [ ( 1, 5,14)( 2, 8,20)( 3,11,25)( 4,13,27)( 6,17,32)( 7,19,34)( 9,22,37)(10,24,39)(12,26,40)(15,29,43)(16,31,45)(18,33,46)(21,36,48)(23,38,49)(28,42,51)(30,44,52)(35,47,53)(41,50,54), ( 1,26,13, 5,40,27,14,12, 4)( 2,33,19, 8,46,34,20,18, 7)( 3,38,24,11,49,39,25,23,10)( 6,44,31,17,52,45,32,30,16)( 9,47,36,22,53,48,37,35,21)(15,50,42,29,54,51,43,41,28) ] )\cong$ C9\ \\
$P_{6} = Group( [ ( 1, 5,14)( 2, 8,20)( 3,11,25)( 4,13,27)( 6,17,32)( 7,19,34)( 9,22,37)(10,24,39)(12,26,40)(15,29,43)(16,31,45)(18,33,46)(21,36,48)(23,38,49)(28,42,51)(30,44,52)(35,47,53)(41,50,54), ( 1,38,21, 5,49,36,14,23,48)( 2,44,28, 8,52,42,20,30,51)( 3,47, 4,11,53,13,25,35,27)( 6,50, 7,17,54,19,32,41,34)( 9,26,10,22,40,24,37,12,39)(15,33,16,29,46,31,43,18,45) ] )\cong$ C9\ \\
$P_{7} = Group( [ ( 1, 5,14)( 2, 8,20)( 3,11,25)( 4,13,27)( 6,17,32)( 7,19,34)( 9,22,37)(10,24,39)(12,26,40)(15,29,43)(16,31,45)(18,33,46)(21,36,48)(23,38,49)(28,42,51)(30,44,52)(35,47,53)(41,50,54), ( 1, 3, 9)( 2, 6,15)( 4,24,48)( 5,11,22)( 7,31,51)( 8,17,29)(10,36,27)(12,49,47)(13,39,21)(14,25,37)(16,42,34)(18,52,50)(19,45,28)(20,32,43)(23,53,26)(30,54,33)(35,40,38)(41,46,44), ( 1,26,13, 5,40,27,14,12, 4)( 2,33,19, 8,46,34,20,18, 7)( 3,38,24,11,49,39,25,23,10)( 6,44,31,17,52,45,32,30,16)( 9,47,36,22,53,48,37,35,21)(15,50,42,29,54,51,43,41,28) ] )\cong$ C9 : C3\ \\
\ \\
$N_{1} = Group( [ ( 1, 2)( 3, 6)( 4,33)( 5,20)( 7,26)( 8,14)( 9,15)(10,44)(11,32)(12,19)(13,18)(16,38)(17,25)(21,50)(22,43)(23,31)(24,30)(27,46)(28,47)(29,37)(34,40)(35,42)(36,41)(39,52)(45,49)(48,54)(51,53), ( 1, 3, 9)( 2, 6,15)( 4,24,48)( 5,11,22)( 7,31,51)( 8,17,29)(10,36,27)(12,49,47)(13,39,21)(14,25,37)(16,42,34)(18,52,50)(19,45,28)(20,32,43)(23,53,26)(30,54,33)(35,40,38)(41,46,44), ( 1, 4,12,14,27,40, 5,13,26)( 2, 7,18,20,34,46, 8,19,33)( 3,10,23,25,39,49,11,24,38)( 6,16,30,32,45,52,17,31,44)( 9,21,35,37,48,53,22,36,47)(15,28,41,43,51,54,29,42,50), ( 1, 5,14)( 2, 8,20)( 3,11,25)( 4,13,27)( 6,17,32)( 7,19,34)( 9,22,37)(10,24,39)(12,26,40)(15,29,43)(16,31,45)(18,33,46)(21,36,48)(23,38,49)(28,42,51)(30,44,52)(35,47,53)(41,50,54) ] )\cong$ C9 : C6\ \\
$N_{2} = Group( [ ( 1, 5,14)( 2, 8,20)( 3,11,25)( 4,13,27)( 6,17,32)( 7,19,34)( 9,22,37)(10,24,39)(12,26,40)(15,29,43)(16,31,45)(18,33,46)(21,36,48)(23,38,49)(28,42,51)(30,44,52)(35,47,53)(41,50,54), ( 1, 2)( 3, 6)( 4,33)( 5,20)( 7,26)( 8,14)( 9,15)(10,44)(11,32)(12,19)(13,18)(16,38)(17,25)(21,50)(22,43)(23,31)(24,30)(27,46)(28,47)(29,37)(34,40)(35,42)(36,41)(39,52)(45,49)(48,54)(51,53), ( 1, 3, 9)( 2, 6,15)( 4,24,48)( 5,11,22)( 7,31,51)( 8,17,29)(10,36,27)(12,49,47)(13,39,21)(14,25,37)(16,42,34)(18,52,50)(19,45,28)(20,32,43)(23,53,26)(30,54,33)(35,40,38)(41,46,44), ( 1, 4,12,14,27,40, 5,13,26)( 2, 7,18,20,34,46, 8,19,33)( 3,10,23,25,39,49,11,24,38)( 6,16,30,32,45,52,17,31,44)( 9,21,35,37,48,53,22,36,47)(15,28,41,43,51,54,29,42,50) ] )\cong$ C9 : C6\ \\
$N_{3} = Group( [ ( 1, 3, 9)( 2, 6,15)( 4,24,48)( 5,11,22)( 7,31,51)( 8,17,29)(10,36,27)(12,49,47)(13,39,21)(14,25,37)(16,42,34)(18,52,50)(19,45,28)(20,32,43)(23,53,26)(30,54,33)(35,40,38)(41,46,44), ( 1, 2)( 3, 6)( 4,33)( 5,20)( 7,26)( 8,14)( 9,15)(10,44)(11,32)(12,19)(13,18)(16,38)(17,25)(21,50)(22,43)(23,31)(24,30)(27,46)(28,47)(29,37)(34,40)(35,42)(36,41)(39,52)(45,49)(48,54)(51,53), ( 1, 5,14)( 2, 8,20)( 3,11,25)( 4,13,27)( 6,17,32)( 7,19,34)( 9,22,37)(10,24,39)(12,26,40)(15,29,43)(16,31,45)(18,33,46)(21,36,48)(23,38,49)(28,42,51)(30,44,52)(35,47,53)(41,50,54) ] )\cong$ C3 x S3\ \\
$N_{4} = Group( [ ( 1, 3, 9)( 2, 6,15)( 4,24,48)( 5,11,22)( 7,31,51)( 8,17,29)(10,36,27)(12,49,47)(13,39,21)(14,25,37)(16,42,34)(18,52,50)(19,45,28)(20,32,43)(23,53,26)(30,54,33)(35,40,38)(41,46,44), ( 1, 5,14)( 2, 8,20)( 3,11,25)( 4,13,27)( 6,17,32)( 7,19,34)( 9,22,37)(10,24,39)(12,26,40)(15,29,43)(16,31,45)(18,33,46)(21,36,48)(23,38,49)(28,42,51)(30,44,52)(35,47,53)(41,50,54), ( 1, 2)( 3, 6)( 4,33)( 5,20)( 7,26)( 8,14)( 9,15)(10,44)(11,32)(12,19)(13,18)(16,38)(17,25)(21,50)(22,43)(23,31)(24,30)(27,46)(28,47)(29,37)(34,40)(35,42)(36,41)(39,52)(45,49)(48,54)(51,53), ( 1, 4,12,14,27,40, 5,13,26)( 2, 7,18,20,34,46, 8,19,33)( 3,10,23,25,39,49,11,24,38)( 6,16,30,32,45,52,17,31,44)( 9,21,35,37,48,53,22,36,47)(15,28,41,43,51,54,29,42,50) ] )\cong$ C9 : C6\ \\
$N_{5} = Group( [ ( 1,26,13, 5,40,27,14,12, 4)( 2,33,19, 8,46,34,20,18, 7)( 3,38,24,11,49,39,25,23,10)( 6,44,31,17,52,45,32,30,16)( 9,47,36,22,53,48,37,35,21)(15,50,42,29,54,51,43,41,28), ( 1, 5,14)( 2, 8,20)( 3,11,25)( 4,13,27)( 6,17,32)( 7,19,34)( 9,22,37)(10,24,39)(12,26,40)(15,29,43)(16,31,45)(18,33,46)(21,36,48)(23,38,49)(28,42,51)(30,44,52)(35,47,53)(41,50,54), ( 1, 2)( 3, 6)( 4,33)( 5,20)( 7,26)( 8,14)( 9,15)(10,44)(11,32)(12,19)(13,18)(16,38)(17,25)(21,50)(22,43)(23,31)(24,30)(27,46)(28,47)(29,37)(34,40)(35,42)(36,41)(39,52)(45,49)(48,54)(51,53), ( 1, 3, 9)( 2, 6,15)( 4,24,48)( 5,11,22)( 7,31,51)( 8,17,29)(10,36,27)(12,49,47)(13,39,21)(14,25,37)(16,42,34)(18,52,50)(19,45,28)(20,32,43)(23,53,26)(30,54,33)(35,40,38)(41,46,44) ] )\cong$ C9 : C6\ \\
$N_{6} = Group( [ ( 1,38,21, 5,49,36,14,23,48)( 2,44,28, 8,52,42,20,30,51)( 3,47, 4,11,53,13,25,35,27)( 6,50, 7,17,54,19,32,41,34)( 9,26,10,22,40,24,37,12,39)(15,33,16,29,46,31,43,18,45), ( 1, 5,14)( 2, 8,20)( 3,11,25)( 4,13,27)( 6,17,32)( 7,19,34)( 9,22,37)(10,24,39)(12,26,40)(15,29,43)(16,31,45)(18,33,46)(21,36,48)(23,38,49)(28,42,51)(30,44,52)(35,47,53)(41,50,54), ( 1, 3, 9)( 2, 6,15)( 4,24,48)( 5,11,22)( 7,31,51)( 8,17,29)(10,36,27)(12,49,47)(13,39,21)(14,25,37)(16,42,34)(18,52,50)(19,45,28)(20,32,43)(23,53,26)(30,54,33)(35,40,38)(41,46,44) ] )\cong$ C9 : C3\ \\
$N_{7} = Group( [ ( 1,26,13, 5,40,27,14,12, 4)( 2,33,19, 8,46,34,20,18, 7)( 3,38,24,11,49,39,25,23,10)( 6,44,31,17,52,45,32,30,16)( 9,47,36,22,53,48,37,35,21)(15,50,42,29,54,51,43,41,28), ( 1, 3, 9)( 2, 6,15)( 4,24,48)( 5,11,22)( 7,31,51)( 8,17,29)(10,36,27)(12,49,47)(13,39,21)(14,25,37)(16,42,34)(18,52,50)(19,45,28)(20,32,43)(23,53,26)(30,54,33)(35,40,38)(41,46,44), ( 1, 5,14)( 2, 8,20)( 3,11,25)( 4,13,27)( 6,17,32)( 7,19,34)( 9,22,37)(10,24,39)(12,26,40)(15,29,43)(16,31,45)(18,33,46)(21,36,48)(23,38,49)(28,42,51)(30,44,52)(35,47,53)(41,50,54), ( 1, 2)( 3, 6)( 4,33)( 5,20)( 7,26)( 8,14)( 9,15)(10,44)(11,32)(12,19)(13,18)(16,38)(17,25)(21,50)(22,43)(23,31)(24,30)(27,46)(28,47)(29,37)(34,40)(35,42)(36,41)(39,52)(45,49)(48,54)(51,53) ] )\cong$ C9 : C6\end{tabular}
\end{document}
