\documentclass[varwidth=\maxdimen,border=10]{standalone}
\begin{document}
The group $G$ is isomorphic to the group labelled by\ [ 60, 7 ]\ in the Small Groups library.\\
Ordinary character table of $G$\ $\cong$\ C15 : C4:\\
\begin{center}
\begin{tabular}{@{}l@{}l@{}l@{}}
\hline
\(\begin{array}{|l|ccccccccc|}
  & 1a & 3a & 5a & 15a & 15b & 2a & 6a & 4a & 4b\\ \hline
\chi_{1} & 1 & 1 & 1 & 1 & 1 & 1 & 1 & 1 & 1\\
\chi_{2} & 1 & 1 & 1 & 1 & 1 & 1 & 1 & -1 & -1\\
\chi_{3} & 1 & 1 & 1 & 1 & 1 & -1 & -1 & E(4) & -E(4)\\
\chi_{4} & 1 & 1 & 1 & 1 & 1 & -1 & -1 & -E(4) & E(4)\\
\chi_{5} & 4 & 4 & -1 & -1 & -1 & 0 & 0 & 0 & 0\\
\chi_{6} & 2 & -1 & 2 & -1 & -1 & -2 & 1 & 0 & 0\\
\chi_{7} & 2 & -1 & 2 & -1 & -1 & 2 & -1 & 0 & 0\\
\chi_{8} & 4 & -2 & -1 & E(15)^{7}+E(15)^{11}+E(15)^{13}+E(15)^{14} & E(15)+E(15)^{2}+E(15)^{4}+E(15)^{8} & 0 & 0 & 0 & 0\\
\chi_{9} & 4 & -2 & -1 & E(15)+E(15)^{2}+E(15)^{4}+E(15)^{8} & E(15)^{7}+E(15)^{11}+E(15)^{13}+E(15)^{14} & 0 & 0 & 0 & 0\\
\hline
\end{array}\)\\
\end{tabular}
\end{center}
\begin{tabular}{@{}l@{}l@{}l@{}l@{}l@{}l@{}l@{}l@{}}
Trivial source character table of $G$\ $\cong$\ C15 : C4 at\ $p=5$:\\
\(\begin{array}{|l|cccccc|cccccc|}
\hline
\textup{Normalisers}\ N_i & \multicolumn{6}{c|}{N_{1}} & \multicolumn{6}{c|}{N_{2}}\\ \hline
p\textup{-subgroups\ of\ } G\ \textup{up\ to\ conjugacy\ in\ } G & \multicolumn{6}{c|}{P_{1}} & \multicolumn{6}{c|}{P_{2}}\\ \hline
\textup{Representatives}\ n_j\ \in\ N_i & 1a & 4a & 2a & 3a & 4b & 6a & 1a & 4a & 3a & 2a & 4b & 6a\\ \hline
{0}\cdot \chi_{1}+{0}\cdot \chi_{2}+{1}\cdot \chi_{3}+{0}\cdot \chi_{4}+{1}\cdot \chi_{5}+{0}\cdot \chi_{6}+{0}\cdot \chi_{7}+{0}\cdot \chi_{8}+{0}\cdot \chi_{9} & 5 & E(4) & -1 & 5 & -E(4) & -1 & 0 & 0 & 0 & 0 & 0 & 0\\
{0}\cdot \chi_{1}+{1}\cdot \chi_{2}+{0}\cdot \chi_{3}+{0}\cdot \chi_{4}+{1}\cdot \chi_{5}+{0}\cdot \chi_{6}+{0}\cdot \chi_{7}+{0}\cdot \chi_{8}+{0}\cdot \chi_{9} & 5 & -1 & 1 & 5 & -1 & 1 & 0 & 0 & 0 & 0 & 0 & 0\\
{0}\cdot \chi_{1}+{0}\cdot \chi_{2}+{0}\cdot \chi_{3}+{1}\cdot \chi_{4}+{1}\cdot \chi_{5}+{0}\cdot \chi_{6}+{0}\cdot \chi_{7}+{0}\cdot \chi_{8}+{0}\cdot \chi_{9} & 5 & -E(4) & -1 & 5 & E(4) & -1 & 0 & 0 & 0 & 0 & 0 & 0\\
{1}\cdot \chi_{1}+{0}\cdot \chi_{2}+{0}\cdot \chi_{3}+{0}\cdot \chi_{4}+{1}\cdot \chi_{5}+{0}\cdot \chi_{6}+{0}\cdot \chi_{7}+{0}\cdot \chi_{8}+{0}\cdot \chi_{9} & 5 & 1 & 1 & 5 & 1 & 1 & 0 & 0 & 0 & 0 & 0 & 0\\
{0}\cdot \chi_{1}+{0}\cdot \chi_{2}+{0}\cdot \chi_{3}+{0}\cdot \chi_{4}+{0}\cdot \chi_{5}+{0}\cdot \chi_{6}+{1}\cdot \chi_{7}+{1}\cdot \chi_{8}+{1}\cdot \chi_{9} & 10 & 0 & 2 & -5 & 0 & -1 & 0 & 0 & 0 & 0 & 0 & 0\\
{0}\cdot \chi_{1}+{0}\cdot \chi_{2}+{0}\cdot \chi_{3}+{0}\cdot \chi_{4}+{0}\cdot \chi_{5}+{1}\cdot \chi_{6}+{0}\cdot \chi_{7}+{1}\cdot \chi_{8}+{1}\cdot \chi_{9} & 10 & 0 & -2 & -5 & 0 & 1 & 0 & 0 & 0 & 0 & 0 & 0\\
 \hline
{1}\cdot \chi_{1}+{0}\cdot \chi_{2}+{0}\cdot \chi_{3}+{0}\cdot \chi_{4}+{0}\cdot \chi_{5}+{0}\cdot \chi_{6}+{0}\cdot \chi_{7}+{0}\cdot \chi_{8}+{0}\cdot \chi_{9} & 1 & 1 & 1 & 1 & 1 & 1 & 1 & 1 & 1 & 1 & 1 & 1\\
{0}\cdot \chi_{1}+{1}\cdot \chi_{2}+{0}\cdot \chi_{3}+{0}\cdot \chi_{4}+{0}\cdot \chi_{5}+{0}\cdot \chi_{6}+{0}\cdot \chi_{7}+{0}\cdot \chi_{8}+{0}\cdot \chi_{9} & 1 & -1 & 1 & 1 & -1 & 1 & 1 & -1 & 1 & 1 & -1 & 1\\
{0}\cdot \chi_{1}+{0}\cdot \chi_{2}+{0}\cdot \chi_{3}+{0}\cdot \chi_{4}+{0}\cdot \chi_{5}+{0}\cdot \chi_{6}+{1}\cdot \chi_{7}+{0}\cdot \chi_{8}+{0}\cdot \chi_{9} & 2 & 0 & 2 & -1 & 0 & -1 & 2 & 0 & -1 & 2 & 0 & -1\\
{0}\cdot \chi_{1}+{0}\cdot \chi_{2}+{1}\cdot \chi_{3}+{0}\cdot \chi_{4}+{0}\cdot \chi_{5}+{0}\cdot \chi_{6}+{0}\cdot \chi_{7}+{0}\cdot \chi_{8}+{0}\cdot \chi_{9} & 1 & E(4) & -1 & 1 & -E(4) & -1 & 1 & E(4) & 1 & -1 & -E(4) & -1\\
{0}\cdot \chi_{1}+{0}\cdot \chi_{2}+{0}\cdot \chi_{3}+{1}\cdot \chi_{4}+{0}\cdot \chi_{5}+{0}\cdot \chi_{6}+{0}\cdot \chi_{7}+{0}\cdot \chi_{8}+{0}\cdot \chi_{9} & 1 & -E(4) & -1 & 1 & E(4) & -1 & 1 & -E(4) & 1 & -1 & E(4) & -1\\
{0}\cdot \chi_{1}+{0}\cdot \chi_{2}+{0}\cdot \chi_{3}+{0}\cdot \chi_{4}+{0}\cdot \chi_{5}+{1}\cdot \chi_{6}+{0}\cdot \chi_{7}+{0}\cdot \chi_{8}+{0}\cdot \chi_{9} & 2 & 0 & -2 & -1 & 0 & 1 & 2 & 0 & -1 & -2 & 0 & 1\\
\hline

\end{array}\)\\
\ \\
\ \\
$P_{1} = Group( [ () ] )\cong$ 1\ \\
$P_{2} = Group( [ ( 1,13,36, 5,24)( 2,18,42, 8,30)( 3,21,45,10,33)( 4,23,47,12,35)( 6,27,50,15,39)( 7,29,52,17,41)( 9,32,54,20,44)(11,34,55,22,46)(14,38,57,26,49)(16,40,58,28,51)(19,43,59,31,53)(25,48,60,37,56) ] )\cong$ C5\ \\
\ \\
$N_{1} = Group( [ ( 1, 2, 3, 6)( 4,16, 9,25)( 5,30,45,27)( 7,19,14,11)( 8,33,50,13)(10,39,36,18)(12,51,54,48)(15,24,42,21)(17,53,57,34)(20,56,47,40)(22,41,59,38)(23,28,44,60)(26,46,52,43)(29,31,49,55)(32,37,35,58), ( 1, 3)( 2, 6)( 4, 9)( 5,45)( 7,14)( 8,50)(10,36)(11,19)(12,54)(13,33)(15,42)(16,25)(17,57)(18,39)(20,47)(21,24)(22,59)(23,44)(26,52)(27,30)(28,60)(29,49)(31,55)(32,35)(34,53)(37,58)(38,41)(40,56)(43,46)(48,51), ( 1, 4,11)( 2, 7,16)( 3, 9,19)( 5,12,22)( 6,14,25)( 8,17,28)(10,20,31)(13,23,34)(15,26,37)(18,29,40)(21,32,43)(24,35,46)(27,38,48)(30,41,51)(33,44,53)(36,47,55)(39,49,56)(42,52,58)(45,54,59)(50,57,60), ( 1, 5,13,24,36)( 2, 8,18,30,42)( 3,10,21,33,45)( 4,12,23,35,47)( 6,15,27,39,50)( 7,17,29,41,52)( 9,20,32,44,54)(11,22,34,46,55)(14,26,38,49,57)(16,28,40,51,58)(19,31,43,53,59)(25,37,48,56,60) ] )\cong$ C15 : C4\ \\
$N_{2} = Group( [ ( 1,13,36, 5,24)( 2,18,42, 8,30)( 3,21,45,10,33)( 4,23,47,12,35)( 6,27,50,15,39)( 7,29,52,17,41)( 9,32,54,20,44)(11,34,55,22,46)(14,38,57,26,49)(16,40,58,28,51)(19,43,59,31,53)(25,48,60,37,56), ( 1, 2, 3, 6)( 4,16, 9,25)( 5,30,45,27)( 7,19,14,11)( 8,33,50,13)(10,39,36,18)(12,51,54,48)(15,24,42,21)(17,53,57,34)(20,56,47,40)(22,41,59,38)(23,28,44,60)(26,46,52,43)(29,31,49,55)(32,37,35,58), ( 1, 4,11)( 2, 7,16)( 3, 9,19)( 5,12,22)( 6,14,25)( 8,17,28)(10,20,31)(13,23,34)(15,26,37)(18,29,40)(21,32,43)(24,35,46)(27,38,48)(30,41,51)(33,44,53)(36,47,55)(39,49,56)(42,52,58)(45,54,59)(50,57,60) ] )\cong$ C15 : C4\end{tabular}
\end{document}
