\documentclass[varwidth=\maxdimen,border=10]{standalone}
\begin{document}
The group $G$ is isomorphic to the group labelled by\ [ 78, 2 ]\ in the Small Groups library.\\
Ordinary character table of $G$\ $\cong$\ C2 x (C13 : C3):\\
\begin{center}
\begin{tabular}{@{}l@{}l@{}l@{}}
\hline
\(\begin{array}{|l|cccccccccccccc|}
  & 1a & 2a & 3a & 13a & 6a & 26a & 3b & 13b & 6b & 26b & 13c & 26c & 13d & 26d\\ \hline
\chi_{1} & 1 & 1 & 1 & 1 & 1 & 1 & 1 & 1 & 1 & 1 & 1 & 1 & 1 & 1\\
\chi_{2} & 1 & -1 & 1 & 1 & -1 & -1 & 1 & 1 & -1 & -1 & 1 & -1 & 1 & -1\\
\chi_{3} & 1 & -1 & E(3)^{2} & 1 & -E(3)^{2} & -1 & E(3) & 1 & -E(3) & -1 & 1 & -1 & 1 & -1\\
\chi_{4} & 1 & -1 & E(3) & 1 & -E(3) & -1 & E(3)^{2} & 1 & -E(3)^{2} & -1 & 1 & -1 & 1 & -1\\
\chi_{5} & 1 & 1 & E(3)^{2} & 1 & E(3)^{2} & 1 & E(3) & 1 & E(3) & 1 & 1 & 1 & 1 & 1\\
\chi_{6} & 1 & 1 & E(3) & 1 & E(3) & 1 & E(3)^{2} & 1 & E(3)^{2} & 1 & 1 & 1 & 1 & 1\\
\chi_{7} & 3 & 3 & 0 & E(13)^{7}+E(13)^{8}+E(13)^{11} & 0 & E(13)^{7}+E(13)^{8}+E(13)^{11} & 0 & E(13)+E(13)^{3}+E(13)^{9} & 0 & E(13)+E(13)^{3}+E(13)^{9} & E(13)^{2}+E(13)^{5}+E(13)^{6} & E(13)^{2}+E(13)^{5}+E(13)^{6} & E(13)^{4}+E(13)^{10}+E(13)^{12} & E(13)^{4}+E(13)^{10}+E(13)^{12}\\
\chi_{8} & 3 & 3 & 0 & E(13)^{4}+E(13)^{10}+E(13)^{12} & 0 & E(13)^{4}+E(13)^{10}+E(13)^{12} & 0 & E(13)^{7}+E(13)^{8}+E(13)^{11} & 0 & E(13)^{7}+E(13)^{8}+E(13)^{11} & E(13)+E(13)^{3}+E(13)^{9} & E(13)+E(13)^{3}+E(13)^{9} & E(13)^{2}+E(13)^{5}+E(13)^{6} & E(13)^{2}+E(13)^{5}+E(13)^{6}\\
\chi_{9} & 3 & 3 & 0 & E(13)+E(13)^{3}+E(13)^{9} & 0 & E(13)+E(13)^{3}+E(13)^{9} & 0 & E(13)^{2}+E(13)^{5}+E(13)^{6} & 0 & E(13)^{2}+E(13)^{5}+E(13)^{6} & E(13)^{4}+E(13)^{10}+E(13)^{12} & E(13)^{4}+E(13)^{10}+E(13)^{12} & E(13)^{7}+E(13)^{8}+E(13)^{11} & E(13)^{7}+E(13)^{8}+E(13)^{11}\\
\chi_{10} & 3 & 3 & 0 & E(13)^{2}+E(13)^{5}+E(13)^{6} & 0 & E(13)^{2}+E(13)^{5}+E(13)^{6} & 0 & E(13)^{4}+E(13)^{10}+E(13)^{12} & 0 & E(13)^{4}+E(13)^{10}+E(13)^{12} & E(13)^{7}+E(13)^{8}+E(13)^{11} & E(13)^{7}+E(13)^{8}+E(13)^{11} & E(13)+E(13)^{3}+E(13)^{9} & E(13)+E(13)^{3}+E(13)^{9}\\
\chi_{11} & 3 & -3 & 0 & E(13)^{7}+E(13)^{8}+E(13)^{11} & 0 & -E(13)^{7}-E(13)^{8}-E(13)^{11} & 0 & E(13)+E(13)^{3}+E(13)^{9} & 0 & -E(13)-E(13)^{3}-E(13)^{9} & E(13)^{2}+E(13)^{5}+E(13)^{6} & -E(13)^{2}-E(13)^{5}-E(13)^{6} & E(13)^{4}+E(13)^{10}+E(13)^{12} & -E(13)^{4}-E(13)^{10}-E(13)^{12}\\
\chi_{12} & 3 & -3 & 0 & E(13)^{4}+E(13)^{10}+E(13)^{12} & 0 & -E(13)^{4}-E(13)^{10}-E(13)^{12} & 0 & E(13)^{7}+E(13)^{8}+E(13)^{11} & 0 & -E(13)^{7}-E(13)^{8}-E(13)^{11} & E(13)+E(13)^{3}+E(13)^{9} & -E(13)-E(13)^{3}-E(13)^{9} & E(13)^{2}+E(13)^{5}+E(13)^{6} & -E(13)^{2}-E(13)^{5}-E(13)^{6}\\
\chi_{13} & 3 & -3 & 0 & E(13)+E(13)^{3}+E(13)^{9} & 0 & -E(13)-E(13)^{3}-E(13)^{9} & 0 & E(13)^{2}+E(13)^{5}+E(13)^{6} & 0 & -E(13)^{2}-E(13)^{5}-E(13)^{6} & E(13)^{4}+E(13)^{10}+E(13)^{12} & -E(13)^{4}-E(13)^{10}-E(13)^{12} & E(13)^{7}+E(13)^{8}+E(13)^{11} & -E(13)^{7}-E(13)^{8}-E(13)^{11}\\
\chi_{14} & 3 & -3 & 0 & E(13)^{2}+E(13)^{5}+E(13)^{6} & 0 & -E(13)^{2}-E(13)^{5}-E(13)^{6} & 0 & E(13)^{4}+E(13)^{10}+E(13)^{12} & 0 & -E(13)^{4}-E(13)^{10}-E(13)^{12} & E(13)^{7}+E(13)^{8}+E(13)^{11} & -E(13)^{7}-E(13)^{8}-E(13)^{11} & E(13)+E(13)^{3}+E(13)^{9} & -E(13)-E(13)^{3}-E(13)^{9}\\
\hline
\end{array}\)\\
\end{tabular}
\end{center}
\begin{tabular}{@{}l@{}l@{}l@{}l@{}l@{}l@{}l@{}l@{}}
Trivial source character table of $G$\ $\cong$\ C2 x (C13 : C3) at\ $p=13$:\\
\(\begin{array}{|l|cccccc|cccccc|}
\hline
\textup{Normalisers}\ N_i & \multicolumn{6}{c|}{N_{1}} & \multicolumn{6}{c|}{N_{2}}\\ \hline
p\textup{-subgroups\ of\ } G\ \textup{up\ to\ conjugacy\ in\ } G & \multicolumn{6}{c|}{P_{1}} & \multicolumn{6}{c|}{P_{2}}\\ \hline
\textup{Representatives}\ n_j\ \in\ N_i & 1a & 2a & 3a & 6a & 3b & 6b & 1a & 3a & 2a & 3b & 6a & 6b\\ \hline
{0}\cdot \chi_{1}+{0}\cdot \chi_{2}+{0}\cdot \chi_{3}+{0}\cdot \chi_{4}+{1}\cdot \chi_{5}+{0}\cdot \chi_{6}+{1}\cdot \chi_{7}+{1}\cdot \chi_{8}+{1}\cdot \chi_{9}+{1}\cdot \chi_{10}+{0}\cdot \chi_{11}+{0}\cdot \chi_{12}+{0}\cdot \chi_{13}+{0}\cdot \chi_{14} & 13 & 13 & E(3)^{2} & E(3)^{2} & E(3) & E(3) & 0 & 0 & 0 & 0 & 0 & 0\\
{0}\cdot \chi_{1}+{0}\cdot \chi_{2}+{0}\cdot \chi_{3}+{0}\cdot \chi_{4}+{0}\cdot \chi_{5}+{1}\cdot \chi_{6}+{1}\cdot \chi_{7}+{1}\cdot \chi_{8}+{1}\cdot \chi_{9}+{1}\cdot \chi_{10}+{0}\cdot \chi_{11}+{0}\cdot \chi_{12}+{0}\cdot \chi_{13}+{0}\cdot \chi_{14} & 13 & 13 & E(3) & E(3) & E(3)^{2} & E(3)^{2} & 0 & 0 & 0 & 0 & 0 & 0\\
{1}\cdot \chi_{1}+{0}\cdot \chi_{2}+{0}\cdot \chi_{3}+{0}\cdot \chi_{4}+{0}\cdot \chi_{5}+{0}\cdot \chi_{6}+{1}\cdot \chi_{7}+{1}\cdot \chi_{8}+{1}\cdot \chi_{9}+{1}\cdot \chi_{10}+{0}\cdot \chi_{11}+{0}\cdot \chi_{12}+{0}\cdot \chi_{13}+{0}\cdot \chi_{14} & 13 & 13 & 1 & 1 & 1 & 1 & 0 & 0 & 0 & 0 & 0 & 0\\
{0}\cdot \chi_{1}+{1}\cdot \chi_{2}+{0}\cdot \chi_{3}+{0}\cdot \chi_{4}+{0}\cdot \chi_{5}+{0}\cdot \chi_{6}+{0}\cdot \chi_{7}+{0}\cdot \chi_{8}+{0}\cdot \chi_{9}+{0}\cdot \chi_{10}+{1}\cdot \chi_{11}+{1}\cdot \chi_{12}+{1}\cdot \chi_{13}+{1}\cdot \chi_{14} & 13 & -13 & 1 & -1 & 1 & -1 & 0 & 0 & 0 & 0 & 0 & 0\\
{0}\cdot \chi_{1}+{0}\cdot \chi_{2}+{1}\cdot \chi_{3}+{0}\cdot \chi_{4}+{0}\cdot \chi_{5}+{0}\cdot \chi_{6}+{0}\cdot \chi_{7}+{0}\cdot \chi_{8}+{0}\cdot \chi_{9}+{0}\cdot \chi_{10}+{1}\cdot \chi_{11}+{1}\cdot \chi_{12}+{1}\cdot \chi_{13}+{1}\cdot \chi_{14} & 13 & -13 & E(3)^{2} & -E(3)^{2} & E(3) & -E(3) & 0 & 0 & 0 & 0 & 0 & 0\\
{0}\cdot \chi_{1}+{0}\cdot \chi_{2}+{0}\cdot \chi_{3}+{1}\cdot \chi_{4}+{0}\cdot \chi_{5}+{0}\cdot \chi_{6}+{0}\cdot \chi_{7}+{0}\cdot \chi_{8}+{0}\cdot \chi_{9}+{0}\cdot \chi_{10}+{1}\cdot \chi_{11}+{1}\cdot \chi_{12}+{1}\cdot \chi_{13}+{1}\cdot \chi_{14} & 13 & -13 & E(3) & -E(3) & E(3)^{2} & -E(3)^{2} & 0 & 0 & 0 & 0 & 0 & 0\\
 \hline
{1}\cdot \chi_{1}+{0}\cdot \chi_{2}+{0}\cdot \chi_{3}+{0}\cdot \chi_{4}+{0}\cdot \chi_{5}+{0}\cdot \chi_{6}+{0}\cdot \chi_{7}+{0}\cdot \chi_{8}+{0}\cdot \chi_{9}+{0}\cdot \chi_{10}+{0}\cdot \chi_{11}+{0}\cdot \chi_{12}+{0}\cdot \chi_{13}+{0}\cdot \chi_{14} & 1 & 1 & 1 & 1 & 1 & 1 & 1 & 1 & 1 & 1 & 1 & 1\\
{0}\cdot \chi_{1}+{0}\cdot \chi_{2}+{0}\cdot \chi_{3}+{0}\cdot \chi_{4}+{0}\cdot \chi_{5}+{1}\cdot \chi_{6}+{0}\cdot \chi_{7}+{0}\cdot \chi_{8}+{0}\cdot \chi_{9}+{0}\cdot \chi_{10}+{0}\cdot \chi_{11}+{0}\cdot \chi_{12}+{0}\cdot \chi_{13}+{0}\cdot \chi_{14} & 1 & 1 & E(3) & E(3) & E(3)^{2} & E(3)^{2} & 1 & E(3) & 1 & E(3)^{2} & E(3) & E(3)^{2}\\
{0}\cdot \chi_{1}+{0}\cdot \chi_{2}+{0}\cdot \chi_{3}+{0}\cdot \chi_{4}+{1}\cdot \chi_{5}+{0}\cdot \chi_{6}+{0}\cdot \chi_{7}+{0}\cdot \chi_{8}+{0}\cdot \chi_{9}+{0}\cdot \chi_{10}+{0}\cdot \chi_{11}+{0}\cdot \chi_{12}+{0}\cdot \chi_{13}+{0}\cdot \chi_{14} & 1 & 1 & E(3)^{2} & E(3)^{2} & E(3) & E(3) & 1 & E(3)^{2} & 1 & E(3) & E(3)^{2} & E(3)\\
{0}\cdot \chi_{1}+{1}\cdot \chi_{2}+{0}\cdot \chi_{3}+{0}\cdot \chi_{4}+{0}\cdot \chi_{5}+{0}\cdot \chi_{6}+{0}\cdot \chi_{7}+{0}\cdot \chi_{8}+{0}\cdot \chi_{9}+{0}\cdot \chi_{10}+{0}\cdot \chi_{11}+{0}\cdot \chi_{12}+{0}\cdot \chi_{13}+{0}\cdot \chi_{14} & 1 & -1 & 1 & -1 & 1 & -1 & 1 & 1 & -1 & 1 & -1 & -1\\
{0}\cdot \chi_{1}+{0}\cdot \chi_{2}+{0}\cdot \chi_{3}+{1}\cdot \chi_{4}+{0}\cdot \chi_{5}+{0}\cdot \chi_{6}+{0}\cdot \chi_{7}+{0}\cdot \chi_{8}+{0}\cdot \chi_{9}+{0}\cdot \chi_{10}+{0}\cdot \chi_{11}+{0}\cdot \chi_{12}+{0}\cdot \chi_{13}+{0}\cdot \chi_{14} & 1 & -1 & E(3) & -E(3) & E(3)^{2} & -E(3)^{2} & 1 & E(3) & -1 & E(3)^{2} & -E(3) & -E(3)^{2}\\
{0}\cdot \chi_{1}+{0}\cdot \chi_{2}+{1}\cdot \chi_{3}+{0}\cdot \chi_{4}+{0}\cdot \chi_{5}+{0}\cdot \chi_{6}+{0}\cdot \chi_{7}+{0}\cdot \chi_{8}+{0}\cdot \chi_{9}+{0}\cdot \chi_{10}+{0}\cdot \chi_{11}+{0}\cdot \chi_{12}+{0}\cdot \chi_{13}+{0}\cdot \chi_{14} & 1 & -1 & E(3)^{2} & -E(3)^{2} & E(3) & -E(3) & 1 & E(3)^{2} & -1 & E(3) & -E(3)^{2} & -E(3)\\
\hline

\end{array}\)\\
\ \\
\ \\
$P_{1} = Group( [ () ] )\cong$ 1\ \\
$P_{2} = Group( [ ( 1,27,57, 9,39,69,21,51, 4,33,63,15,45)( 2,30,60,12,42,72,24,54, 6,36,66,18,48)( 3,32,62,14,44,74,26,56, 8,38,68,20,50)( 5,35,65,17,47,76,29,59,11,41,71,23,53)( 7,37,67,19,49,77,31,61,13,43,73,25,55)(10,40,70,22,52,78,34,64,16,46,75,28,58) ] )\cong$ C13\ \\
\ \\
$N_{1} = Group( [ ( 1, 2)( 3, 5)( 4, 6)( 7,10)( 8,11)( 9,12)(13,16)(14,17)(15,18)(19,22)(20,23)(21,24)(25,28)(26,29)(27,30)(31,34)(32,35)(33,36)(37,40)(38,41)(39,42)(43,46)(44,47)(45,48)(49,52)(50,53)(51,54)(55,58)(56,59)(57,60)(61,64)(62,65)(63,66)(67,70)(68,71)(69,72)(73,75)(74,76)(77,78), ( 1, 3, 7)( 2, 5,10)( 4,20,61)( 6,23,64)( 8,25,51)( 9,38,37)(11,28,54)(12,41,40)(13,15,56)(14,43,27)(16,18,59)(17,46,30)(19,33,32)(21,74,67)(22,36,35)(24,76,70)(26,77,57)(29,78,60)(31,69,62)(34,72,65)(39,50,73)(42,53,75)(44,55,63)(45,68,49)(47,58,66)(48,71,52), ( 1, 4, 9,15,21,27,33,39,45,51,57,63,69)( 2, 6,12,18,24,30,36,42,48,54,60,66,72)( 3, 8,14,20,26,32,38,44,50,56,62,68,74)( 5,11,17,23,29,35,41,47,53,59,65,71,76)( 7,13,19,25,31,37,43,49,55,61,67,73,77)(10,16,22,28,34,40,46,52,58,64,70,75,78) ] )\cong$ C2 x (C13 : C3)\ \\
$N_{2} = Group( [ ( 1,27,57, 9,39,69,21,51, 4,33,63,15,45)( 2,30,60,12,42,72,24,54, 6,36,66,18,48)( 3,32,62,14,44,74,26,56, 8,38,68,20,50)( 5,35,65,17,47,76,29,59,11,41,71,23,53)( 7,37,67,19,49,77,31,61,13,43,73,25,55)(10,40,70,22,52,78,34,64,16,46,75,28,58), ( 1, 2)( 3, 5)( 4, 6)( 7,10)( 8,11)( 9,12)(13,16)(14,17)(15,18)(19,22)(20,23)(21,24)(25,28)(26,29)(27,30)(31,34)(32,35)(33,36)(37,40)(38,41)(39,42)(43,46)(44,47)(45,48)(49,52)(50,53)(51,54)(55,58)(56,59)(57,60)(61,64)(62,65)(63,66)(67,70)(68,71)(69,72)(73,75)(74,76)(77,78), ( 1, 3, 7)( 2, 5,10)( 4,20,61)( 6,23,64)( 8,25,51)( 9,38,37)(11,28,54)(12,41,40)(13,15,56)(14,43,27)(16,18,59)(17,46,30)(19,33,32)(21,74,67)(22,36,35)(24,76,70)(26,77,57)(29,78,60)(31,69,62)(34,72,65)(39,50,73)(42,53,75)(44,55,63)(45,68,49)(47,58,66)(48,71,52) ] )\cong$ C2 x (C13 : C3)\end{tabular}
\end{document}
